# E[eV]  sigma[barn]
5000 2.09365
6000 1.8662
7000 1.6686
8000 1.455
9000 1.273
10000 1.17207
15000 0.8918
20000 0.6963
24000 0.6396
30000 0.5863
40000 0.5001
45000 0.457
50000 0.43505
55000 0.4131
60000 0.39635
65000 0.3796
70000 0.36655
75000 0.3535
80000 0.34175
85000 0.33
90000 0.3225
95000 0.315
100000 0.3099
120000 0.2921
150000 0.2719
170000 0.2617
180000 0.2567
190000 0.2534
200000 0.2502
210000 0.2469
220000 0.2445
230000 0.2415
235000 0.2403
240000 0.2388
245000 0.2374
250000 0.236
260000 0.2331
270000 0.2299
280000 0.2141
300000 0.1999
325000 0.1877
350000 0.1778
375000 0.1689
400000 0.1614
425000 0.1538
450000 0.1462
475000 0.1389
500000 0.1324
520000 0.127
540000 0.1236
570000 0.1186
600000 0.1084
650000 0.1002
700000 0.0964
750000 0.0928
800000 0.0897
850000 0.0869
900000 0.0843
940000 0.0825
960000 0.0818
980000 0.081
1000000 0.0803
1100000 0.0772
1250000 0.0729
1400000 0.0694
1600000 0.0665
1800000 0.0596
2000000 0.0534
2200000 0.0433
2400000 0.036
2500000 0.0334
2750000 0.0290419
3000000 0.0248033
3250000 0.0206892
3500000 0.0171146
3750000 0.0143396
4000000 0.012052
4250000 0.0109104
4500000 0.009576
4750000 0.00839372
5000000 0.0073143
5500000 0.00620205
6000000 0.004719
6500000 0.0035748
7000000 0.002415
7500000 0.000998673
8000000 0.000818
8500000 0.00093849
9000000 0.00108
9500000 0.0012403
10000000 0.0014
10500000 0.0015497
11000000 0.00169
11500000 0.0017874
12000000 0.00183
12500000 0.0018294
13000000 0.00172
13500000 0.0015211
14000000 0.00132
14500000 0.0011242
15000000 0.00092894
15500000 0.00073823
16000000 0.000556
16500000 0.00040991
17000000 0.0003145
17500000 0.00025409
18000000 0.000213
19000000 0.00014393
20000000 9.83e-05
21000000 7.171e-05
22000000 5.21e-05
23000000 3.9755e-05
24000000 3.07e-05
25000000 2.4946e-05
26000000 1.9869e-05
27000000 1.6e-05
28000000 1.3075e-05
