# E[eV]  sigma[barn]
26056 55.454
7646090 7646090
1 50
401000 0.00166
450000 0.00166
451000 0.00172
500000 0.00172
501000 0.00137
550000 0.00137
551000 0.00155
600000 0.00155
601000 0.00233
650000 0.00233
651000 0.00445
700000 0.00445
701000 0.00208
750000 0.00208
751000 0.00514
800000 0.00514
801000 0.00526
850000 0.00526
850000 0.0077
851000 0.0055
862270 0.0055
880000 0.0037
925000 0.0029
1000000 0.0026
1250000 0.0022
1500000 0.00195
2000000 0.00185
2500000 0.002
3000000 0.00185
3500000 0.0015
4000000 0.00092
5000000 0.00068
6000000 0.00052
7000000 0.0004
8000000 0.00032
9000000 0.0003
10000000 0.00031
11000000 0.00034
12000000 0.00042
13000000 0.00056
14000000 0.00073
15000000 0.00085
16000000 0.00093
17000000 0.00095
18000000 0.0009
20000000 0.0008
