# E[eV]  sigma[barn]
3000 0.257
3250 0.406
3500 0.523
4000 0.689
4500 0.796
5000 0.86
5700 0.926
40000 0.63
42980 0.6086
50000 0.55454
55000 0.52021
60000 0.48786
65000 0.46283
70000 0.43844
75000 0.41846
80000 0.40022
85000 0.38587
90000 0.371
100000 0.3488
110000 0.3305
120000 0.3144
130000 0.3001
140000 0.2874
142300 0.2846
150000 0.2758
160000 0.2653
170000 0.2557
180000 0.2469
190000 0.2387
200000 0.2311
220000 0.2174
240000 0.2053
260000 0.1945
280000 0.1848
295240 0.1779
300000 0.176
350000 0.159874
400000 0.147104
450000 0.13669
500090 0.127986
550000 0.120784
599510 0.114609
651730 0.108927
700000 0.10429
745120 0.100398
800000 0.096673
850000 0.0936488
864320 0.092832
903780 0.0906846
941940 0.0887395
963030 0.0877154
997170 0.0861279
1006200 0.085798
1035300 0.0848724
1042400 0.0846519
1080500 0.0835036
1094300 0.0831014
1120700 0.0823511
1142300 0.0817551
1144800 0.0816871
1150000 0.0815464
1200000 0.0802366
1300000 0.0777635
1400000 0.0754796
1426000 0.074923
1500000 0.0734138
1600000 0.0715325
1700000 0.0698092
1800000 0.0665177
1900000 0.0620011
2008300 0.0575035
2200000 0.0475899
2400000 0.0397267
2500000 0.0364994
2600000 0.0336459
2800000 0.028849
3012500 0.0247837
3500000 0.0181155
4016700 0.013586
4500000 0.0107148
5020800 0.00852319
5500000 0.00704493
6000000 0.00587374
6500000 0.00496908
6560700 0.00487351
7000000 0.00425623
7500000 0.0036848
8000000 0.00321993
8500000 0.0028368
9000000 0.00251744
9500000 0.0022485
10000000 0.00201997
10500000 0.00182418
11000000 0.0016552
11500000 0.00150838
12000000 0.00138003
12240000 0.0013241
12500000 0.00126719
13000000 0.00116748
13500000 0.00107895
14000000 0.001
14500000 0.00090792
15000000 0.00082702
15500000 0.000755642
16000000 0.000692406
16500000 0.000636167
17000000 0.00058598
17500000 0.000541038
18000000 0.000500666
