# E[eV]  sigma[barn]
1003.8 2.4052
2000 1.7456
3000 1.5092
5000 1.3038
7000 1.2039
10000 1.1002
20000 0.86919
24000 0.83478
30000 0.76006
50000 0.57968
70000 0.4759
100000 0.38543
130000 0.33051
160000 0.29173
200000 0.26492
240000 0.22223
300000 0.19828
370000 0.18553
450000 0.18178
550000 0.19257
700000 0.20661
850000 0.2269
1000000 0.23125
1300000 0.22739
1600000 0.19753
2000000 0.15643
2400000 0.11681
3000000 0.06887
5000000 0.016768
7000000 0.004232
10000000 0.0014394
12000000 0.0011336
15000000 0.00127
