# E[eV]  sigma[barn]
0.001 496.201
0.00102421 490.301
0.00104901 484.471
0.0010744 478.711
0.00110042 473.019
0.00112706 467.395
0.00115435 461.838
0.00118229 456.347
0.00121092 450.921
0.00124023 445.559
0.00127026 440.262
0.00130101 435.027
0.00133251 429.855
0.00136477 424.744
0.00139782 419.694
0.00143166 414.704
0.00146632 409.773
0.00150182 404.901
0.00153818 400.086
0.00157542 395.33
0.00161356 390.629
0.00165263 385.985
0.00169264 381.395
0.00173362 376.861
0.00177559 372.38
0.00181858 367.952
0.00186261 363.577
0.0019077 359.254
0.00195389 354.983
0.00200119 350.762
0.00204964 346.592
0.00209927 342.471
0.00215009 338.399
0.00220215 334.375
0.00225546 330.4
0.00231007 326.471
0.002366 322.59
0.00242328 318.754
0.00248195 314.964
0.00254204 311.219
0.00260358 307.519
0.00266661 303.863
0.00273117 300.25
0.0027973 296.68
0.00286502 293.152
0.00293439 289.667
0.00300543 286.223
0.00307819 282.82
0.00315272 279.457
0.00322905 276.134
0.00330722 272.851
0.00338729 269.607
0.0034693 266.401
0.0035533 263.234
0.00363932 260.104
0.00372743 257.011
0.00381768 253.956
0.00391011 250.936
0.00400477 247.952
0.00410173 245.004
0.00420104 242.091
0.00430275 239.213
0.00440692 236.369
0.00451361 233.558
0.00462289 230.781
0.00473481 228.037
0.00484945 225.326
0.00496685 222.647
0.0050871 220
0.00521027 217.384
0.00533641 214.799
0.00546561 212.245
0.00559793 209.722
0.00573346 207.228
0.00587227 204.764
0.00601444 202.33
0.00616006 199.924
0.0063092 197.547
0.00646195 195.198
0.00661839 192.877
0.00677863 190.584
0.00694274 188.318
0.00711083 186.079
0.00728299 183.867
0.00745932 181.68
0.00763991 179.52
0.00782488 177.386
0.00801432 175.277
0.00820835 173.193
0.00840708 171.133
0.00861062 169.099
0.00881909 167.088
0.00903261 165.102
0.00925129 163.138
0.00947527 161.199
0.00970468 159.282
0.00993963 157.388
0.0101803 155.517
0.0104267 153.668
0.0106792 151.841
0.0109377 150.036
0.0112025 148.252
0.0114738 146.489
0.0117516 144.747
0.0120361 143.026
0.0123275 141.326
0.0126259 139.645
0.0129316 137.985
0.0132447 136.344
0.0135653 134.723
0.0138938 133.121
0.0142301 131.539
0.0145747 129.975
0.0149275 128.429
0.0152889 126.902
0.0156591 125.394
0.0160382 123.903
0.0164265 122.429
0.0168242 120.974
0.0172315 119.536
0.0176487 118.114
0.018076 116.71
0.0185136 115.322
0.0189619 113.951
0.0194209 112.596
0.0198911 111.258
0.0203727 109.935
0.0208659 108.628
0.0213711 107.336
0.0218885 106.06
0.0224185 104.799
0.0229612 103.553
0.0235171 102.322
0.0240865 101.105
0.0246696 99.9032
0.0252669 98.7154
0.0258786 97.5417
0.0265052 96.382
0.0271469 95.2361
0.0278041 94.1038
0.0284773 92.985
0.0291667 91.8795
0.0298729 90.7871
0.0305961 89.7077
0.0313369 88.6412
0.0320955 87.5873
0.0328726 86.546
0.0336685 85.517
0.0344836 84.5003
0.0353185 83.4957
0.0361735 82.503
0.0370493 81.5222
0.0379463 80.553
0.038865 79.5953
0.039806 78.649
0.0407697 77.714
0.0417568 76.7901
0.0427677 75.8772
0.0438031 74.9752
0.0448636 74.0839
0.0459498 73.2032
0.0470623 72.3329
0.0482017 71.473
0.0493687 70.6234
0.0505639 69.7839
0.0517881 68.9543
0.053042 68.1346
0.0543261 67.3247
0.0556414 66.5244
0.0569885 65.7337
0.0583682 64.9523
0.0597814 64.1802
0.0612287 63.4174
0.0627111 62.6636
0.0642294 61.9188
0.0657844 61.1829
0.0673771 60.4557
0.0690083 59.7372
0.0706791 59.0272
0.0723902 58.3257
0.0741429 57.6325
0.0759379 56.9477
0.0777764 56.2709
0.0796594 55.6022
0.081588 54.9415
0.0835633 54.2887
0.0855864 53.6437
0.0876585 53.0063
0.0897808 52.3765
0.0919545 51.7543
0.0941807 51.1395
0.0964609 50.532
0.0987963 49.9317
0.101188 49.3386
0.103638 48.7526
0.106147 48.1736
0.108717 47.6015
0.111349 47.0363
0.114045 46.4778
0.116806 45.926
0.119634 45.3807
0.12253 44.842
0.125497 44.3098
0.128535 43.7839
0.131647 43.2643
0.134835 42.7509
0.138099 42.2437
0.141442 41.7425
0.144867 41.2474
0.148374 40.7582
0.151966 40.2749
0.155646 39.7974
0.159414 39.3256
0.163273 38.8595
0.167226 38.3991
0.171275 37.9441
0.175422 37.4947
0.179669 37.0507
0.184019 36.612
0.188474 36.1786
0.193037 35.7505
0.19771 35.3276
0.202497 34.9098
0.2074 34.4971
0.212421 34.0894
0.217564 33.6866
0.222831 33.2888
0.228226 32.8958
0.233752 32.5076
0.239411 32.1242
0.245207 31.7455
0.251144 31.3715
0.257224 31.002
0.263452 30.6371
0.26983 30.2768
0.276363 29.9209
0.283054 29.5694
0.289907 29.2223
0.296925 28.8795
0.304114 28.5411
0.311477 28.2069
0.319018 27.8769
0.326742 27.5511
0.334652 27.2295
0.342754 26.9119
0.351053 26.5985
0.359552 26.2891
0.368257 25.9836
0.377172 25.6822
0.386304 25.3847
0.395657 25.0912
0.405236 24.8015
0.415047 24.5157
0.425095 24.2337
0.435387 23.9555
0.445928 23.6812
0.456724 23.4106
0.467782 23.1438
0.479107 22.8807
0.490707 22.6214
0.502587 22.3657
0.514755 22.1138
0.527217 21.8656
0.539982 21.621
0.553055 21.3801
0.566445 21.1429
0.580159 20.9094
0.594205 20.6796
0.608591 20.4534
0.623325 20.2309
0.638416 20.0122
0.653873 19.7971
0.669703 19.5858
0.685917 19.3783
0.702524 19.1745
0.719532 18.9746
0.736953 18.7784
0.754795 18.5862
0.773069 18.3979
0.791785 18.2135
0.810955 18.0332
0.830589 17.857
0.850698 17.6849
0.871294 17.517
0.892388 17.3534
0.913994 17.1942
0.936122 17.0395
0.958786 16.8893
0.981999 16.7439
1.00577 16.6032
1.03012 16.4676
1.05506 16.337
1.08061 16.2117
1.10677 16.0918
1.13357 15.9776
1.16101 15.8692
1.18912 15.7669
1.21791 15.6709
1.24739 15.5815
1.27759 15.499
1.30853 15.4237
1.34021 15.356
1.37265 15.2961
1.40589 15.2447
1.43992 15.2021
1.47478 15.1688
1.51049 15.1453
1.54706 15.1324
1.58452 15.1306
1.62288 15.1406
1.66217 15.1634
1.70241 15.1997
1.74363 15.2506
1.78584 15.3172
1.82908 15.4007
1.87336 15.5024
1.91872 15.6239
1.96517 15.7669
2.01275 15.9333
2.06148 16.1252
2.11139 16.3451
2.1625 16.5958
2.21486 16.8804
2.26848 17.2026
2.3234 17.5665
2.37966 17.9769
2.43727 18.4394
2.49628 18.9605
2.55671 19.5479
2.61861 20.2105
2.68201 20.9593
2.74694 21.8069
2.81345 22.769
2.88156 23.8645
2.95133 25.1166
3.02278 26.5543
3.09597 28.2135
3.17092 30.1403
3.24769 32.3936
3.32632 35.05
3.40685 38.2112
3.48933 42.014
3.57381 46.6464
3.66034 52.3722
3.74896 59.5718
3.83972 68.8098
3.93268 80.9542
4.02789 97.3961
4.12541 120.48
4.22529 154.414
4.32759 207.376
4.43236 297.02
4.53967 467.429
4.64958 855.009
4.76215 2057
4.87744 8675.94
4.99553 12724.4
5.11647 2558.6
5.24035 946.019
5.36722 483.123
5.49716 293.521
5.63025 198.846
5.76657 145.361
5.90618 112.555
6.04917 91.2725
6.19562 76.9472
6.34562 67.113
6.49926 60.3617
6.65661 55.8638
6.81777 53.1353
6.98283 51.9211
7.15189 52.1454
7.32504 53.9072
7.50238 57.5262
7.68402 63.6695
7.87006 73.6467
8.06059 90.1322
8.25575 119.141
8.45562 176.499
8.66034 315.812
8.87001 824.485
9.08476 6400.45
9.30471 3375.83
9.52998 580.836
9.76071 242.75
9.99702 149.2
10.2391 118.571
10.4869 117.412
10.7408 146.362
11.0009 247.728
11.2672 746.81
11.54 13483.1
11.8194 922.125
12.1056 247.741
12.3986 137.062
12.6988 112.261
13.0063 126.026
13.3212 203.665
13.6437 671.121
13.974 9877.65
14.3123 516.993
14.6588 611.201
15.0137 9984.22
15.3772 427.138
15.7495 355.927
16.1308 5864.16
16.5213 466.692
16.9213 130.51
17.331 85.8968
17.7506 98.1843
18.1804 251.536
18.6205 9861.06
19.0713 225.728
19.5331 88.0011
20.006 89.3628
20.4903 266.195
20.9864 2711.86
21.4945 136.398
22.0149 90.543
22.5479 227.243
23.0938 1981.92
23.6529 223.941
24.2256 5069.89
24.8121 232.492
25.4128 6011.66
26.028 711.429
26.6582 163.686
27.3036 6665.83
27.9646 6489.09
28.6417 97.1909
29.3351 43.7133
30.0453 45.8362
30.7728 175.668
31.5178 263.055
32.2808 1292.3
33.0624 97.3345
33.8628 160.812
34.6827 3284.91
35.5224 526.181
36.3824 105.69
37.2632 263.687
38.1654 57.5735
39.0894 4822.34
40.0358 4372.33
41.0051 172.042
41.9978 73.9519
43.0146 126.603
44.056 80.2991
45.1227 880.607
46.2151 169.448
47.334 134.221
48.48 106.361
49.6537 49.9831
50.8559 154.46
52.0871 62.3695
53.3482 133.7
54.6398 1017.66
55.9626 167.373
57.3175 140.824
58.7052 138.375
60.1265 139.622
61.5822 39.7382
63.0732 45.3749
64.6002 283.865
66.1642 654.388
67.7661 140.739
69.4068 2720.06
71.0871 1089.34
72.8082 40.8277
74.5709 92.108
76.3763 123.577
78.2255 94.3915
80.1193 23.1302
82.0591 34.531
84.0458 78.8087
86.0806 21.5154
88.1646 275.433
90.2992 42.647
92.4854 47.926
94.7245 37.5602
97.0178 52.7222
99.3667 187.824
101.772 25.6894
104.236 97.5838
106.76 61.4464
109.345 56.1718
111.992 350.337
114.703 509.217
117.48 1593.35
120.325 24.5306
123.238 750.431
126.222 18.3309
129.277 8.58916
132.407 18.1909
135.613 10.641
138.896 7.07254
142.259 1.05085
145.703 0.532706
149.231 0.354368
152.844 0.265498
156.544 0.212852
160.334 0.178439
164.216 0.154509
168.192 0.137172
172.264 0.124261
176.434 0.114471
180.706 0.106968
185.081 0.101197
189.562 0.0967697
194.151 0.0934102
198.852 0.0909157
203.666 0.089134
208.597 0.087949
213.647 0.0872709
218.82 0.0870291
224.118 0.0871677
229.544 0.0876418
235.101 0.0884154
240.793 0.0894592
246.623 0.0907491
252.594 0.0922658
258.709 0.0939931
264.973 0.0959182
271.388 0.0980302
277.958 0.100321
284.688 0.102782
291.58 0.10541
298.64 0.108198
305.87 0.111146
313.275 0.114248
320.86 0.117505
328.628 0.120916
336.584 0.124479
344.733 0.128195
353.079 0.132065
361.628 0.136091
370.383 0.140273
379.35 0.144613
388.534 0.149115
397.941 0.15378
407.575 0.158611
417.443 0.163611
427.55 0.168784
437.901 0.174133
448.503 0.179663
459.361 0.185376
470.483 0.191278
481.873 0.197373
493.54 0.203665
505.489 0.210159
517.727 0.21686
530.261 0.223774
543.099 0.230905
556.248 0.238259
569.715 0.245842
583.508 0.253659
597.636 0.261716
612.105 0.27002
626.924 0.278577
642.102 0.287392
657.648 0.296473
673.57 0.305826
689.878 0.315457
706.58 0.325373
723.687 0.335582
741.208 0.34609
759.153 0.356905
777.532 0.368032
796.357 0.379481
815.637 0.391257
835.384 0.403368
855.609 0.415821
876.324 0.428624
897.54 0.441784
919.271 0.455308
941.527 0.469203
964.322 0.483477
987.668 0.498136
1011.58 0.513187
1036.07 0.528638
1061.16 0.544493
1086.85 0.560761
1113.16 0.577446
1140.11 0.594555
1167.71 0.612093
1195.98 0.630066
1224.94 0.648477
1254.6 0.66733
1284.97 0.686631
1316.08 0.706381
1347.94 0.726582
1380.58 0.747238
1414 0.768348
1448.24 0.789913
1483.3 0.811932
1519.21 0.834404
1555.99 0.857325
1593.66 0.880691
1632.25 0.904498
1671.76 0.928738
1712.24 0.953405
1753.69 0.978489
1796.15 1.00398
1839.64 1.02986
1884.18 1.05613
1929.79 1.08275
1976.51 1.10973
2024.37 1.13703
2073.38 1.16463
2123.58 1.19252
2174.99 1.22066
2227.65 1.24903
2281.58 1.27759
2336.82 1.30632
2393.39 1.33518
2451.34 1.36412
2510.69 1.39313
2571.47 1.42214
2633.73 1.45112
2697.5 1.48002
2762.8 1.50879
2829.69 1.53739
2898.2 1.56576
2968.37 1.59384
3040.23 1.62159
3113.84 1.64895
3189.23 1.67585
3266.44 1.70224
3345.52 1.72807
3426.52 1.75327
3509.48 1.77778
3594.45 1.80155
3681.47 1.82451
3770.6 1.84661
3861.89 1.86779
3955.39 1.888
4051.15 1.90719
4149.23 1.92529
4249.69 1.94228
4352.57 1.9581
4457.95 1.97271
4565.88 1.98607
4676.42 1.99815
4789.64 2.00892
4905.6 2.01835
5024.37 2.02642
5146.02 2.03312
5270.6 2.03843
5398.21 2.04235
5528.9 2.04486
5662.76 2.04598
5799.86 2.04571
5940.28 2.04406
6084.09 2.04105
6231.39 2.0367
6382.26 2.03103
6536.78 2.02406
6695.04 2.01584
6857.13 2.00639
7023.14 1.99575
7193.18 1.98397
7367.33 1.97108
7545.7 1.95714
7728.38 1.94218
7915.49 1.92627
8107.13 1.90943
8303.41 1.89174
8504.44 1.87324
8710.34 1.85398
8921.22 1.83401
9137.21 1.81339
9358.43 1.79216
9585 1.77038
9817.06 1.7481
10054.7 1.72537
10298.2 1.70223
10547.5 1.67873
10802.9 1.65492
11064.4 1.63084
11332.3 1.60653
11606.6 1.58203
11887.6 1.55739
12175.4 1.53264
12470.2 1.50781
12772.1 1.48294
13081.4 1.45806
13398.1 1.4332
13722.4 1.40838
14054.7 1.38365
14394.9 1.35901
14743.4 1.3345
15100.4 1.31013
15466 1.28593
15840.4 1.26192
16223.9 1.2381
16616.7 1.2145
17019 1.19113
17431.1 1.16801
17853.1 1.14514
18285.3 1.12254
18728 1.10021
19181.4 1.07817
19645.8 1.05642
20121.5 1.03497
20608.6 1.01382
21107.6 0.992984
21618.6 0.972459
22142 0.95225
22678.1 0.93236
23227.1 0.912791
23789.5 0.893543
24365.4 0.874619
24955.3 0.856017
25559.5 0.837739
26178.3 0.819782
26812.1 0.802147
27461.2 0.784831
28126.1 0.767834
28807.1 0.751152
29504.5 0.734784
30218.8 0.718727
30950.4 0.702979
31699.8 0.687535
32467.2 0.672393
33253.3 0.65755
34058.4 0.643001
34882.9 0.628744
35727.5 0.614774
36592.5 0.601088
37478.4 0.587681
38385.8 0.574549
39315.1 0.561689
40266.9 0.549096
41241.8 0.536766
42240.3 0.524695
43263 0.512878
44310.4 0.501312
45383.2 0.489991
46481.9 0.478912
47607.3 0.46807
48759.9 0.457461
49940.4 0.447081
51149.5 0.436926
52387.9 0.426992
53656.2 0.417273
54955.3 0.407767
56285.8 0.398469
57648.5 0.389375
59044.2 0.38048
60473.7 0.371782
61937.8 0.363277
63437.3 0.354959
64973.2 0.346826
66546.2 0.338874
68157.3 0.331099
69807.5 0.323498
71497.6 0.316066
73228.6 0.308801
75001.5 0.301698
76817.3 0.294755
78677.1 0.287969
80581.9 0.281334
82532.9 0.27485
84531 0.268512
86577.6 0.262317
88673.7 0.256262
90820.5 0.250344
93019.3 0.24456
95271.4 0.238908
97578 0.233384
99940.4 0.227986
102360 0.22271
104838 0.217555
107376 0.212517
109976 0.207594
112639 0.202784
115366 0.198083
118159 0.19349
121019 0.189002
123949 0.184617
126950 0.180332
130024 0.176145
133172 0.172055
136396 0.168058
139698 0.164153
143080 0.160338
146544 0.156611
150092 0.152969
153726 0.149411
157448 0.145935
161260 0.142539
165164 0.139222
169163 0.13598
173258 0.132814
177453 0.129721
181749 0.126699
186150 0.123747
190656 0.120863
195272 0.118046
200000 0.115294
