# E[eV]  sigma[barn]
0.001 1016.04
0.00102421 1003.96
0.00104901 992.025
0.0010744 980.23
0.00110042 968.575
0.00112706 957.059
0.00115435 945.679
0.00118229 934.436
0.00121092 923.325
0.00124023 912.347
0.00127026 901.499
0.00130101 890.781
0.00133251 880.19
0.00136477 869.724
0.00139782 859.383
0.00143166 849.165
0.00146632 839.069
0.00150182 829.093
0.00153818 819.235
0.00157542 809.494
0.00161356 799.87
0.00165263 790.359
0.00169264 780.962
0.00173362 771.677
0.00177559 762.502
0.00181858 753.436
0.00186261 744.477
0.0019077 735.626
0.00195389 726.879
0.00200119 718.237
0.00204964 709.697
0.00209927 701.259
0.00215009 692.921
0.00220215 684.683
0.00225546 676.542
0.00231007 668.498
0.002366 660.55
0.00242328 652.696
0.00248195 644.936
0.00254204 637.268
0.00260358 629.691
0.00266661 622.204
0.00273117 614.806
0.0027973 607.496
0.00286502 600.273
0.00293439 593.136
0.00300543 586.084
0.00307819 579.116
0.00315272 572.23
0.00322905 565.427
0.00330722 558.704
0.00338729 552.061
0.0034693 545.497
0.0035533 539.012
0.00363932 532.603
0.00372743 526.271
0.00381768 520.014
0.00391011 513.831
0.00400477 507.722
0.00410173 501.685
0.00420104 495.72
0.00430275 489.827
0.00440692 484.003
0.00451361 478.248
0.00462289 472.562
0.00473481 466.944
0.00484945 461.392
0.00496685 455.907
0.0050871 450.486
0.00521027 445.13
0.00533641 439.838
0.00546561 434.609
0.00559793 429.442
0.00573346 424.336
0.00587227 419.291
0.00601444 414.307
0.00616006 409.381
0.0063092 404.514
0.00646195 399.705
0.00661839 394.953
0.00677863 390.258
0.00694274 385.618
0.00711083 381.034
0.00728299 376.504
0.00745932 372.028
0.00763991 367.605
0.00782488 363.235
0.00801432 358.917
0.00820835 354.65
0.00840708 350.434
0.00861062 346.269
0.00881909 342.152
0.00903261 338.085
0.00925129 334.066
0.00947527 330.095
0.00970468 326.172
0.00993963 322.295
0.0101803 318.464
0.0104267 314.679
0.0106792 310.938
0.0109377 307.243
0.0112025 303.591
0.0114738 299.983
0.0117516 296.418
0.0120361 292.895
0.0123275 289.414
0.0126259 285.975
0.0129316 282.576
0.0132447 279.218
0.0135653 275.901
0.0138938 272.622
0.0142301 269.383
0.0145747 266.182
0.0149275 263.02
0.0152889 259.895
0.0156591 256.808
0.0160382 253.757
0.0164265 250.743
0.0168242 247.765
0.0172315 244.822
0.0176487 241.914
0.018076 239.042
0.0185136 236.203
0.0189619 233.398
0.0194209 230.627
0.0198911 227.889
0.0203727 225.184
0.0208659 222.511
0.0213711 219.871
0.0218885 217.261
0.0224185 214.683
0.0229612 212.136
0.0235171 209.62
0.0240865 207.134
0.0246696 204.677
0.0252669 202.25
0.0258786 199.853
0.0265052 197.484
0.0271469 195.143
0.0278041 192.831
0.0284773 190.547
0.0291667 188.29
0.0298729 186.06
0.0305961 183.858
0.0313369 181.682
0.0320955 179.532
0.0328726 177.409
0.0336685 175.311
0.0344836 173.239
0.0353185 171.192
0.0361735 169.17
0.0370493 167.173
0.0379463 165.2
0.038865 163.251
0.039806 161.326
0.0407697 159.425
0.0417568 157.548
0.0427677 155.693
0.0438031 153.862
0.0448636 152.053
0.0459498 150.266
0.0470623 148.503
0.0482017 146.761
0.0493687 145.041
0.0505639 143.342
0.0517881 141.665
0.053042 140.01
0.0543261 138.375
0.0556414 136.762
0.0569885 135.169
0.0583682 133.597
0.0597814 132.045
0.0612287 130.514
0.0627111 129.003
0.0642294 127.512
0.0657844 126.04
0.0673771 124.589
0.0690083 123.157
0.0706791 121.744
0.0723902 120.351
0.0741429 118.978
0.0759379 117.623
0.0777764 116.288
0.0796594 114.972
0.081588 113.675
0.0835633 112.398
0.0855864 111.139
0.0876585 109.899
0.0897808 108.678
0.0919545 107.476
0.0941807 106.294
0.0964609 105.13
0.0987963 103.986
0.101188 102.861
0.103638 101.755
0.106147 100.668
0.108717 99.6015
0.111349 98.5544
0.114045 97.5273
0.116806 96.5202
0.119634 95.5336
0.12253 94.5675
0.125497 93.6223
0.128535 92.6984
0.131647 91.796
0.134835 90.9157
0.138099 90.0577
0.141442 89.2226
0.144867 88.4109
0.148374 87.6233
0.151966 86.8602
0.155646 86.1224
0.159414 85.4107
0.163273 84.7259
0.167226 84.0688
0.171275 83.4404
0.175422 82.8418
0.179669 82.2741
0.184019 81.7386
0.188474 81.2367
0.193037 80.7697
0.19771 80.3394
0.202497 79.9474
0.2074 79.5958
0.212421 79.2865
0.217564 79.0218
0.222831 78.8043
0.228226 78.6365
0.233752 78.5215
0.239411 78.4625
0.245207 78.463
0.251144 78.5268
0.257224 78.6581
0.263452 78.8616
0.26983 79.1422
0.276363 79.5057
0.283054 79.958
0.289907 80.5059
0.296925 81.1567
0.304114 81.9188
0.311477 82.801
0.319018 83.8134
0.326742 84.967
0.334652 86.2741
0.342754 87.7485
0.351053 89.4053
0.359552 91.2614
0.368257 93.3361
0.377172 95.6505
0.386304 98.2286
0.395657 101.098
0.405236 104.288
0.415047 107.834
0.425095 111.775
0.435387 116.157
0.445928 121.03
0.456724 126.453
0.467782 132.495
0.479107 139.234
0.490707 146.763
0.502587 155.188
0.514755 164.635
0.527217 175.255
0.539982 187.224
0.553055 200.756
0.566445 216.107
0.580159 233.589
0.594205 253.584
0.608591 276.566
0.623325 303.125
0.638416 334.008
0.653873 370.169
0.669703 412.843
0.685917 463.65
0.702524 524.754
0.719532 599.096
0.736953 690.75
0.754795 805.496
0.773069 951.748
0.791785 1142.12
0.810955 1396.21
0.830589 1745.72
0.850698 2244.45
0.871294 2989.03
0.892388 4165.12
0.913994 6156.93
0.936122 9814.9
0.958786 16975
0.981999 29410.7
1.00577 36005.7
1.03012 24416.2
1.05506 13439.3
1.08061 7744.14
1.10677 4847.96
1.13357 3255.69
1.16101 2308.02
1.18912 1705.58
1.21791 1301.8
1.24739 1019.43
1.27759 815.019
1.30853 662.766
1.34021 546.639
1.37265 456.274
1.40589 384.743
1.43992 327.284
1.47478 280.536
1.51049 242.078
1.54706 210.129
1.58452 183.356
1.62288 160.75
1.66217 141.531
1.70241 125.091
1.74363 110.95
1.78584 98.7274
1.82908 88.1145
1.87336 78.862
1.91872 70.7655
1.96517 63.6564
2.01275 57.3951
2.06148 51.8647
2.11139 46.967
2.1625 42.6193
2.21486 38.7511
2.26848 35.3025
2.3234 32.2222
2.37966 29.4659
2.43727 26.9957
2.49628 24.7783
2.55671 22.7854
2.61861 20.9917
2.68201 19.3756
2.74694 17.918
2.81345 16.6021
2.88156 15.4131
2.95133 14.3381
3.02278 13.3656
3.09597 12.4856
3.17092 11.689
3.24769 10.9679
3.32632 10.3154
3.40685 9.7252
3.48933 9.19181
3.57381 8.71039
3.66034 8.27668
3.74896 7.88692
3.83972 7.53786
3.93268 7.22668
4.02789 6.95098
4.12541 6.70876
4.22529 6.49844
4.32759 6.3188
4.43236 6.16905
4.53967 6.04883
4.64958 5.95827
4.76215 5.89803
4.87744 5.86944
4.99553 5.87462
5.11647 5.91666
5.24035 5.99996
5.36722 6.13066
5.49716 6.31719
5.63025 6.57132
5.76657 6.90952
5.90618 7.35533
6.04917 7.94309
6.19562 8.72433
6.34562 9.77919
6.49926 11.2378
6.65661 13.323
6.81777 16.444
6.98283 21.4219
7.15189 30.1163
7.32504 47.5422
7.50238 91.5192
7.68402 268.737
7.87006 3524.67
8.06059 705.591
8.25575 129.48
8.45562 51.4902
8.66034 27.664
8.87001 17.6101
9.08476 12.5963
9.30471 9.87252
9.52998 8.37303
9.76071 7.6419
9.99702 7.50081
10.2391 7.95057
10.4869 9.1967
10.7408 11.8583
11.0009 17.7908
11.2672 34.2336
11.54 113.555
11.8194 4697.36
12.1056 140.599
12.3986 33.1975
12.6988 15.2416
13.0063 9.45688
13.3212 7.12464
13.6437 6.24575
13.974 6.27347
14.3123 7.25548
14.6588 9.99565
15.0137 18.1501
15.3772 61.7337
15.7495 4363.09
16.1308 53.6676
16.5213 21.7985
16.9213 31.5679
17.331 406.325
17.7506 80.5217
18.1804 18.4885
18.6205 15.7966
19.0713 48.7894
19.5331 617.701
20.006 20.9493
20.4903 7.41544
20.9864 4.57782
21.4945 3.91993
22.0149 4.5934
22.5479 8.48962
23.0938 49.1157
23.6529 91.7471
24.2256 9.03865
24.8121 4.21317
25.4128 3.58558
26.028 5.18587
26.6582 19.7105
27.3036 175.429
27.9646 7.99144
28.6417 3.97172
29.3351 4.58562
30.0453 15.4923
30.7728 106.485
31.5178 9.18018
32.2808 50.7314
33.0624 17.6518
33.8628 12.8341
34.6827 151.509
35.5224 47.161
36.3824 6.64393
37.2632 21.9375
38.1654 21.6123
39.0894 38.78
40.0358 3.31521
41.0051 1.77133
41.9978 1.71661
43.0146 3.47563
44.056 1380.57
45.1227 5.96713
46.2151 140.243
47.334 3.42385
48.48 6.28353
49.6537 50.9227
50.8559 1323.6
52.0871 3.75648
53.3482 35.2196
54.6398 3.12147
55.9626 2.84005
57.3175 40.8864
58.7052 868.846
60.1265 5.26897
61.5822 4.65045
63.0732 2.34495
64.6002 15.0179
66.1642 5.30696
67.7661 3.46424
69.4068 112.257
71.0871 5.04725
72.8082 2.61274
74.5709 1.98755
76.3763 6.34454
78.2255 2.87438
80.1193 82.5611
82.0591 6.94033
84.0458 22.198
86.0806 313.637
88.1646 7.13274
90.2992 759.894
92.4854 7.59882
94.7245 1.03042
97.0178 2.98477
99.3667 41.2933
101.772 33.6061
104.236 4.14776
106.76 9.70505
109.345 7.05643
111.992 4.93259
114.703 16.9265
117.48 1.64068
120.325 109.047
123.238 21.7763
126.222 2.42821
129.277 2.38291
132.407 5.38904
135.613 1.70407
138.896 6.41017
142.259 1.10406
145.703 3.17104
149.231 1.57813
152.844 1.92955
156.544 13.9291
160.334 0.940875
164.216 320.45
168.192 1.66081
172.264 0.773875
176.434 1.04022
180.706 1.79083
185.081 0.70265
189.562 4.09186
194.151 4.43947
198.852 0.356802
203.666 8.27816
208.597 1.11711
213.647 5.78345
218.82 1.13112
224.118 0.15995
229.544 0.0993081
235.101 0.0898356
240.793 0.087495
246.623 0.0874822
252.594 0.0885476
258.709 0.0902266
264.973 0.0923084
271.388 0.0946845
277.958 0.0972936
284.688 0.100099
291.58 0.103079
298.64 0.106219
305.87 0.10951
313.275 0.112946
320.86 0.116525
328.628 0.120244
336.584 0.124104
344.733 0.128106
353.079 0.13225
361.628 0.136539
370.383 0.140976
379.35 0.145563
388.534 0.150303
397.941 0.1552
407.575 0.160258
417.443 0.16548
427.55 0.170871
437.901 0.176435
448.503 0.182177
459.361 0.188101
470.483 0.194212
481.873 0.200516
493.54 0.207017
505.489 0.213721
517.727 0.220634
530.261 0.22776
543.099 0.235107
556.248 0.242679
569.715 0.250483
583.508 0.258525
597.636 0.266811
612.105 0.275348
626.924 0.284143
642.102 0.293202
657.648 0.302531
673.57 0.312139
689.878 0.322031
706.58 0.332215
723.687 0.342699
741.208 0.353489
759.153 0.364593
777.532 0.376018
796.357 0.387772
815.637 0.399863
835.384 0.412298
855.609 0.425084
876.324 0.438229
897.54 0.451742
919.271 0.465628
941.527 0.479896
964.322 0.494554
987.668 0.509608
1011.58 0.525065
1036.07 0.540933
1061.16 0.557219
1086.85 0.573928
1113.16 0.591068
1140.11 0.608645
1167.71 0.626663
1195.98 0.645128
1224.94 0.664046
1254.6 0.683421
1284.97 0.703255
1316.08 0.723554
1347.94 0.744318
1380.58 0.765551
1414 0.787253
1448.24 0.809424
1483.3 0.832064
1519.21 0.85517
1555.99 0.878741
1593.66 0.902773
1632.25 0.927259
1671.76 0.952194
1712.24 0.97757
1753.69 1.00338
1796.15 1.0296
1839.64 1.05624
1884.18 1.08327
1929.79 1.11067
1976.51 1.13844
2024.37 1.16654
2073.38 1.19496
2123.58 1.22367
2174.99 1.25265
2227.65 1.28187
2281.58 1.31128
2336.82 1.34088
2393.39 1.37061
2451.34 1.40043
2510.69 1.43032
2571.47 1.46022
2633.73 1.49009
2697.5 1.51988
2762.8 1.54954
2829.69 1.57903
2898.2 1.60829
2968.37 1.63725
3040.23 1.66588
3113.84 1.69411
3189.23 1.72187
3266.44 1.74911
3345.52 1.77578
3426.52 1.8018
3509.48 1.82711
3594.45 1.85167
3681.47 1.8754
3770.6 1.89824
3861.89 1.92015
3955.39 1.94105
4051.15 1.96091
4149.23 1.97966
4249.69 1.99725
4352.57 2.01365
4457.95 2.0288
4565.88 2.04267
4676.42 2.05523
4789.64 2.06644
4905.6 2.07627
5024.37 2.0847
5146.02 2.09172
5270.6 2.09731
5398.21 2.10146
5528.9 2.10417
5662.76 2.10545
5799.86 2.1053
5940.28 2.10372
6084.09 2.10074
6231.39 2.09638
6382.26 2.09066
6536.78 2.08361
6695.04 2.07526
6857.13 2.06565
7023.14 2.05481
7193.18 2.04279
7367.33 2.02963
7545.7 2.01538
7728.38 2.00008
7915.49 1.98379
8107.13 1.96656
8303.41 1.94844
8504.44 1.92948
8710.34 1.90973
8921.22 1.88926
9137.21 1.86811
9358.43 1.84633
9585 1.82398
9817.06 1.80112
10054.7 1.77778
10298.2 1.75402
10547.5 1.72989
10802.9 1.70543
11064.4 1.68069
11332.3 1.65571
11606.6 1.63054
11887.6 1.60521
12175.4 1.57977
12470.2 1.55424
12772.1 1.52867
13081.4 1.50309
13398.1 1.47752
13722.4 1.45201
14054.7 1.42656
14394.9 1.40122
14743.4 1.376
15100.4 1.35093
15466 1.32603
15840.4 1.30132
16223.9 1.27681
16616.7 1.25252
17019 1.22847
17431.1 1.20466
17853.1 1.18112
18285.3 1.15785
18728 1.13487
19181.4 1.11217
19645.8 1.08978
20121.5 1.06769
20608.6 1.04591
21107.6 1.02445
21618.6 1.00331
22142 0.98249
22678.1 0.962001
23227.1 0.941841
23789.5 0.922012
24365.4 0.902514
24955.3 0.883348
25559.5 0.864514
26178.3 0.846011
26812.1 0.827838
27461.2 0.809993
28126.1 0.792475
28807.1 0.775282
29504.5 0.758412
30218.8 0.741861
30950.4 0.725627
31699.8 0.709706
32467.2 0.694097
33253.3 0.678794
34058.4 0.663794
34882.9 0.649094
35727.5 0.63469
36592.5 0.620577
37478.4 0.606753
38385.8 0.593211
39315.1 0.579949
40266.9 0.566962
41241.8 0.554245
42240.3 0.541795
43263 0.529607
44310.4 0.517676
45383.2 0.505999
46481.9 0.49457
47607.3 0.483386
48759.9 0.472441
49940.4 0.461733
51149.5 0.451256
52387.9 0.441005
53656.2 0.430978
54955.3 0.421169
56285.8 0.411575
57648.5 0.402191
59044.2 0.393013
60473.7 0.384037
61937.8 0.375259
63437.3 0.366675
64973.2 0.358282
66546.2 0.350074
68157.3 0.342049
69807.5 0.334204
71497.6 0.326533
73228.6 0.319033
75001.5 0.311702
76817.3 0.304535
78677.1 0.297528
80581.9 0.29068
82532.9 0.283985
84531 0.277442
86577.6 0.271046
88673.7 0.264794
90820.5 0.258684
93019.3 0.252713
95271.4 0.246876
97578 0.241172
99940.4 0.235598
102360 0.23015
104838 0.224827
107376 0.219624
109976 0.21454
112639 0.209572
115366 0.204718
118159 0.199974
121019 0.195339
123949 0.190809
126950 0.186384
130024 0.18206
133172 0.177835
136396 0.173706
139698 0.169673
143080 0.165732
146544 0.161881
150092 0.158119
153726 0.154444
157448 0.150853
161260 0.147345
165164 0.143917
169163 0.140569
173258 0.137297
177453 0.134102
181749 0.130979
186150 0.127929
190656 0.124949
195272 0.122039
200000 0.119195
