# E[eV]  sigma[barn]
0.001 13.0778
0.00102717 12.9037
0.00105507 12.7319
0.00108373 12.5624
0.00111317 12.3952
0.00114342 12.2301
0.00117448 12.0673
0.00120638 11.9067
0.00123916 11.7482
0.00127282 11.5918
0.0013074 11.4375
0.00134292 11.2852
0.0013794 11.135
0.00141687 10.9867
0.00145536 10.8405
0.0014949 10.6961
0.00153551 10.5538
0.00157723 10.4133
0.00162007 10.2746
0.00166409 10.1378
0.00170929 10.0029
0.00175573 9.86972
0.00180343 9.73833
0.00185242 9.60869
0.00190274 9.48077
0.00195443 9.35455
0.00200753 9.23002
0.00206207 9.10715
0.00211809 8.98591
0.00217563 8.86628
0.00223473 8.74825
0.00229544 8.63178
0.0023578 8.51687
0.00242185 8.40349
0.00248765 8.29162
0.00255523 8.18124
0.00262464 8.07232
0.00269594 7.96486
0.00276918 7.85883
0.00284441 7.7542
0.00292169 7.65098
0.00300106 7.54912
0.00308259 7.44862
0.00316633 7.34946
0.00325235 7.25162
0.0033407 7.15508
0.00343146 7.05983
0.00352468 6.96585
0.00362043 6.87311
0.00371879 6.78161
0.00381981 6.69133
0.00392358 6.60225
0.00403017 6.51436
0.00413966 6.42764
0.00425212 6.34207
0.00436763 6.25764
0.00448629 6.17433
0.00460816 6.09214
0.00473335 6.01104
0.00486194 5.93101
0.00499402 5.85206
0.00512969 5.77415
0.00526905 5.69728
0.00541219 5.62144
0.00555922 5.5466
0.00571024 5.47276
0.00586537 5.3999
0.00602471 5.32802
0.00618838 5.25709
0.0063565 5.1871
0.00652918 5.11805
0.00670656 5.04991
0.00688875 4.98268
0.00707589 4.91635
0.00726812 4.8509
0.00746557 4.78632
0.00766838 4.72261
0.0078767 4.65974
0.00809069 4.5977
0.00831048 4.5365
0.00853625 4.4761
0.00876815 4.41651
0.00900635 4.35772
0.00925102 4.29971
0.00950234 4.24247
0.00976048 4.18599
0.0100256 4.13026
0.010298 4.07528
0.0105778 4.02102
0.0108651 3.96749
0.0111603 3.91468
0.0114635 3.86256
0.0117749 3.81114
0.0120948 3.76041
0.0124234 3.71034
0.0127609 3.66095
0.0131075 3.61221
0.0134636 3.56413
0.0138294 3.51668
0.0142051 3.46986
0.014591 3.42367
0.0149873 3.37809
0.0153945 3.33312
0.0158127 3.28875
0.0162423 3.24497
0.0166835 3.20177
0.0171368 3.15914
0.0176023 3.11709
0.0180805 3.07559
0.0185717 3.03465
0.0190762 2.99425
0.0195945 2.95439
0.0201268 2.91505
0.0206735 2.87625
0.0212352 2.83796
0.021812 2.80018
0.0224046 2.7629
0.0230133 2.72612
0.0236384 2.68983
0.0242806 2.65402
0.0249402 2.61869
0.0256178 2.58382
0.0263137 2.54943
0.0270286 2.51549
0.0277628 2.482
0.0285171 2.44896
0.0292918 2.41636
0.0300875 2.38419
0.0309049 2.35245
0.0317445 2.32113
0.0326069 2.29023
0.0334927 2.25974
0.0344026 2.22966
0.0353372 2.19998
0.0362971 2.17069
0.0372832 2.14179
0.0382961 2.11328
0.0393364 2.08515
0.0404051 2.05739
0.0415027 2.03
0.0426302 2.00297
0.0437883 1.97631
0.0449779 1.95
0.0461998 1.92404
0.0474549 1.89843
0.048744 1.87315
0.0500683 1.84822
0.0514284 1.82361
0.0528256 1.79934
0.0542606 1.77538
0.0557347 1.75175
0.0572488 1.72843
0.0588041 1.70542
0.0604016 1.68271
0.0620425 1.66031
0.063728 1.63821
0.0654592 1.6164
0.0672375 1.59488
0.0690641 1.57365
0.0709404 1.5527
0.0728675 1.53203
0.0748471 1.51164
0.0768804 1.49151
0.078969 1.47166
0.0811143 1.45207
0.0833179 1.43274
0.0855814 1.41366
0.0879063 1.39485
0.0902944 1.37628
0.0927474 1.35796
0.095267 1.33988
0.0978551 1.32204
0.100513 1.30444
0.103244 1.28708
0.106049 1.26994
0.10893 1.25304
0.111889 1.23636
0.114929 1.2199
0.118051 1.20366
0.121258 1.18764
0.124552 1.17183
0.127936 1.15623
0.131411 1.14084
0.134981 1.12565
0.138648 1.11067
0.142415 1.09588
0.146284 1.08129
0.150258 1.0669
0.15434 1.0527
0.158533 1.03869
0.162839 1.02486
0.167263 1.01122
0.171807 0.997759
0.176474 0.984478
0.181269 0.971374
0.186193 0.958444
0.191251 0.945687
0.196447 0.9331
0.201784 0.92068
0.207265 0.908426
0.212896 0.896335
0.21868 0.884406
0.22462 0.872635
0.230723 0.861021
0.236991 0.849562
0.243429 0.838255
0.250042 0.8271
0.256835 0.816092
0.263812 0.805232
0.270979 0.794517
0.27834 0.783944
0.285902 0.773512
0.293669 0.76322
0.301647 0.753064
0.309841 0.743045
0.318259 0.733159
0.326905 0.723404
0.335786 0.71378
0.344908 0.704285
0.354278 0.694916
0.363902 0.685672
0.373788 0.676552
0.383942 0.667553
0.394373 0.658675
0.405087 0.649915
0.416091 0.641273
0.427395 0.632746
0.439006 0.624333
0.450932 0.616032
0.463182 0.607843
0.475765 0.599763
0.48869 0.591792
0.501966 0.583927
0.515603 0.576168
0.52961 0.568513
0.543998 0.56096
0.558776 0.553509
0.573956 0.546158
0.589549 0.538906
0.605565 0.531751
0.622016 0.524693
0.638914 0.517729
0.656271 0.51086
0.674099 0.504083
0.692412 0.497397
0.711222 0.490802
0.730544 0.484296
0.75039 0.477878
0.770776 0.471548
0.791715 0.465303
0.813223 0.459143
0.835315 0.453066
0.858008 0.447073
0.881317 0.441161
0.905259 0.43533
0.929852 0.429579
0.955113 0.423907
0.98106 0.418313
1.00771 0.412796
1.03509 0.407356
1.06321 0.40199
1.09209 0.396699
1.12176 0.391482
1.15223 0.386337
1.18354 0.381265
1.21569 0.376264
1.24871 0.371333
1.28264 0.366473
1.31748 0.361681
1.35327 0.356958
1.39004 0.352303
1.4278 0.347714
1.46659 0.343193
1.50643 0.338737
1.54735 0.334347
1.58939 0.330022
1.63257 0.325761
1.67692 0.321563
1.72248 0.31743
1.76927 0.313359
1.81733 0.309351
1.8667 0.305405
1.91742 0.301521
1.96951 0.297698
2.02301 0.293937
2.07797 0.290237
2.13442 0.286598
2.1924 0.28302
2.25196 0.279502
2.31314 0.276045
2.37598 0.272648
2.44053 0.269312
2.50683 0.266036
2.57493 0.262821
2.64488 0.259667
2.71674 0.256575
2.79054 0.253543
2.86635 0.250574
2.94422 0.247666
3.0242 0.244821
3.10636 0.24204
3.19075 0.239322
3.27743 0.236669
3.36646 0.234082
3.45792 0.23156
3.55186 0.229107
3.64835 0.226721
3.74746 0.224406
3.84927 0.222161
3.95384 0.219989
4.06125 0.217891
4.17158 0.21587
4.28491 0.213926
4.40132 0.212062
4.52088 0.210281
4.6437 0.208584
4.76985 0.206975
4.89943 0.205456
5.03253 0.204031
5.16925 0.202703
5.30968 0.201476
5.45393 0.200353
5.60209 0.199339
5.75428 0.198439
5.9106 0.197658
6.07117 0.197002
6.2361 0.196475
6.40552 0.196086
6.57953 0.19584
6.75828 0.195745
6.94187 0.195809
7.13046 0.196042
7.32417 0.196452
7.52314 0.19705
7.72752 0.197848
7.93745 0.198858
8.15308 0.200092
8.37457 0.201566
8.60208 0.203296
8.83577 0.205298
9.0758 0.207592
9.32236 0.210199
9.57562 0.21314
9.83575 0.216442
10.103 0.220131
10.3774 0.224238
10.6593 0.228796
10.9489 0.233843
11.2464 0.23942
11.5519 0.245573
11.8657 0.252354
12.1881 0.25982
12.5192 0.268038
12.8593 0.27708
13.2086 0.287033
13.5674 0.297991
13.936 0.310067
14.3146 0.323389
14.7035 0.338107
15.1029 0.354395
15.5132 0.372464
15.9347 0.392558
16.3675 0.414977
16.8122 0.440082
17.2689 0.468314
17.7381 0.500221
18.2199 0.536492
18.7149 0.577998
19.2233 0.625862
19.7456 0.681554
20.282 0.747026
20.833 0.824927
21.3989 0.918922
21.9803 1.03421
22.5774 1.17839
23.1907 1.3629
23.8207 1.60567
24.4679 1.93611
25.1326 2.40533
25.8153 3.10872
26.5166 4.24171
27.237 6.25906
27.9769 10.4334
28.737 21.5577
29.5177 71.939
30.3196 1425.73
31.1432 118.536
31.9893 26.6896
32.8583 11.5985
33.751 6.63651
34.6679 4.45701
35.6097 3.34607
36.5771 2.73982
37.5707 2.41378
38.5914 2.27115
39.6398 2.27575
40.7167 2.43284
41.8228 2.79711
42.959 3.52248
44.126 5.04714
45.3247 8.95436
46.5561 24.8991
47.8208 395.947
49.12 68.1709
50.4544 13.4549
51.825 6.8168
53.2329 5.60246
54.6791 7.01349
56.1645 15.4959
57.6903 183.167
59.2576 51.9777
60.8674 10.0732
62.5209 5.9742
64.2194 6.43315
65.964 13.2592
67.756 226.092
69.5967 32.1472
71.4874 45.5323
73.4295 69.5765
75.4243 16.7094
77.4733 646.003
79.578 14.6519
81.7399 5.21421
83.9604 5.12578
86.2413 17.7157
88.5842 71.7364
90.9907 6.03008
93.4626 4.82227
96.0017 21.3408
98.6097 25.6671
101.289 5.18432
104.04 10.3137
106.867 66.0902
109.77 21.0523
112.752 18.5686
115.815 167.702
118.961 42.0623
122.193 11.7494
125.513 30.6939
128.922 11.3162
132.425 2.70815
136.022 2.80967
139.717 36.6886
143.513 9.43965
147.412 10.6977
151.416 7.64433
155.53 738.634
159.755 10.052
164.095 40.2553
168.553 3.53712
173.132 58.1604
177.835 583.132
182.667 46.3744
187.629 3.05122
192.726 29.5061
197.962 65.9561
203.34 8.63672
208.864 7.45282
214.538 2.99886
220.366 26.678
226.353 11.7187
232.502 46.6896
238.818 94.3636
245.306 9.27678
251.97 6.8642
258.815 32.9416
265.846 13.4175
273.068 1.93611
280.487 15.7809
288.107 55.7284
295.933 27.8028
303.973 2.97734
312.231 52.3248
320.713 7.23834
329.426 5.17073
338.375 4.4959
347.567 1.79152
357.01 5.32616
366.708 1.75221
376.671 23.009
386.903 5.55488
397.414 3.23092
408.211 6.05381
419.3 14.7502
430.691 20.7778
442.391 13.0312
454.41 4.08189
466.754 1.87036
479.434 5.49955
492.459 16.3347
505.837 1.1881
519.579 4.1752
533.694 0.514364
548.193 0.978299
563.085 1.63335
578.382 0.638381
594.095 0.227411
610.234 0.0604014
626.812 0.0384688
643.841 0.0305147
661.332 0.0266605
679.298 0.0245651
697.752 0.0233935
716.707 0.022774
736.178 0.022516
756.177 0.0225119
776.72 0.0226963
797.82 0.0230275
819.494 0.0234776
841.757 0.0240275
864.625 0.0246637
888.114 0.0253766
912.24 0.026159
937.023 0.027006
962.478 0.0279138
988.626 0.0288797
1015.48 0.0299018
1043.07 0.0309787
1071.41 0.0321096
1100.51 0.033294
1130.41 0.0345316
1161.12 0.0358224
1192.66 0.0371665
1225.06 0.0385643
1258.34 0.040016
1292.53 0.0415221
1327.64 0.0430832
1363.71 0.0446996
1400.76 0.0463719
1438.81 0.0481006
1477.9 0.049886
1518.05 0.0517287
1559.29 0.0536289
1601.65 0.0555868
1645.16 0.0576026
1689.85 0.0596763
1735.76 0.0618078
1782.91 0.0639968
1831.35 0.0662428
1881.1 0.0685453
1932.2 0.0709035
1984.69 0.0733162
2038.61 0.0757823
2093.99 0.0783002
2150.88 0.080868
2209.31 0.0834839
2269.33 0.0861453
2330.98 0.0888497
2394.31 0.091594
2459.35 0.094375
2526.16 0.097189
2594.79 0.100032
2665.28 0.1029
2737.69 0.105788
2812.06 0.108691
2888.45 0.111603
2966.92 0.11452
3047.52 0.117435
3130.31 0.120342
3215.35 0.123234
3302.7 0.126105
3392.43 0.128947
3484.59 0.131754
3579.25 0.134519
3676.49 0.137233
3776.36 0.13989
3878.95 0.142482
3984.33 0.145002
4092.57 0.147443
4203.75 0.149797
4317.95 0.152057
4435.26 0.154218
4555.75 0.156272
4679.51 0.158214
4806.64 0.160038
4937.22 0.16174
5071.34 0.163313
5209.11 0.164756
5350.63 0.166063
5495.98 0.167232
5645.29 0.168261
5798.65 0.169148
5956.18 0.169892
6117.99 0.170492
6284.2 0.170948
6454.92 0.171262
6630.27 0.171433
6810.39 0.171465
6995.41 0.171359
7185.45 0.171119
7380.65 0.170746
7581.16 0.170246
7787.11 0.169621
7998.66 0.168877
8215.96 0.168017
8439.15 0.167047
8668.42 0.165972
8903.91 0.164797
9145.79 0.163527
9394.25 0.162167
9649.46 0.160724
9911.6 0.159202
10180.9 0.157607
10457.4 0.155945
10741.5 0.15422
11033.3 0.152439
11333.1 0.150605
11641 0.148724
11957.2 0.146802
12282 0.144842
12615.7 0.142849
12958.4 0.140827
13310.5 0.138781
13672.1 0.136715
14043.5 0.134632
14425 0.132536
14816.9 0.13043
15219.4 0.128318
15632.9 0.126203
16057.5 0.124086
16493.8 0.121972
16941.8 0.119863
17402.1 0.11776
17874.9 0.115666
18360.4 0.113583
18859.2 0.111513
19371.6 0.109457
19897.8 0.107417
20438.4 0.105395
20993.6 0.103391
21563.9 0.101407
22149.8 0.099444
22751.5 0.0975028
23369.6 0.0955843
24004.4 0.0936893
24656.6 0.0918184
25326.4 0.0899721
26014.4 0.0881511
26721.1 0.0863556
27447.1 0.0845862
28192.7 0.0828429
28958.6 0.0811262
29745.3 0.0794362
30553.4 0.077773
31383.4 0.0761367
32236 0.0745274
33111.7 0.072945
34011.2 0.0713896
34935.2 0.069861
35884.3 0.0683592
36859.1 0.066884
37860.5 0.0654353
38889 0.0640129
39945.5 0.0626166
41030.7 0.0612462
42145.3 0.0599015
43290.2 0.0585822
44466.3 0.057288
45674.3 0.0560188
46915.1 0.0547741
48189.6 0.0535537
49498.8 0.0523574
50843.5 0.0511847
52224.7 0.0500354
53643.5 0.0489091
55100.8 0.0478055
56597.7 0.0467244
58135.2 0.0456652
59714.5 0.0446278
61336.8 0.0436118
63003.1 0.0426168
64714.7 0.0416425
66472.7 0.0406886
68278.6 0.0397546
70133.4 0.0388404
72038.7 0.0379455
73995.8 0.0370696
76006 0.0362124
78070.8 0.0353735
80191.7 0.0345526
82370.2 0.0337494
84607.9 0.0329635
86906.4 0.0321947
89267.4 0.0314426
91692.4 0.0307069
94183.4 0.0299873
96742 0.0292835
99370.2 0.0285952
102070 0.0279221
104843 0.0272638
107691 0.0266202
110616 0.0259908
113621 0.0253755
116708 0.0247739
119879 0.0241858
123135 0.0236109
126481 0.0230489
129917 0.0224996
133446 0.0219627
137071 0.0214379
140795 0.0209251
144620 0.0204239
148549 0.0199341
152584 0.0194555
156729 0.0189878
160987 0.0185309
165361 0.0180844
169853 0.0176482
174467 0.0172221
179207 0.0168058
184075 0.0163991
189076 0.0160018
194212 0.0156137
199489 0.0152347
204908 0.0148645
210475 0.0145029
216192 0.0141497
222066 0.0138048
228098 0.013468
234295 0.013139
240660 0.0128178
247198 0.0125042
253913 0.0121979
260811 0.0118989
267897 0.0116069
275174 0.0113218
282650 0.0110435
290328 0.0107718
298216 0.0105065
306317 0.0102476
314639 0.00999477
323186 0.00974801
331966 0.00950714
340985 0.00927203
350248 0.00904254
359763 0.00881855
369536 0.00859994
379575 0.00838658
389887 0.00817835
400479 0.00797513
411359 0.00777681
422534 0.00758328
434012 0.00739443
445803 0.00721014
457914 0.00703031
470354 0.00685484
483132 0.00668363
496257 0.00651658
509738 0.00635359
523586 0.00619457
537810 0.00603943
552420 0.00588806
567428 0.0057404
582843 0.00559634
598677 0.00545581
614941 0.00531872
631646 0.00518498
648806 0.00505453
666432 0.00492728
684536 0.00480316
703133 0.0046821
722234 0.00456401
741855 0.00444884
762008 0.0043365
782710 0.00422694
803973 0.00412009
825814 0.00401588
848249 0.00391425
871293 0.00381513
894963 0.00371847
919275 0.00362422
944249 0.0035323
969901 0.00344266
996250 0.00335526
1.02331e+06 0.00327003
1.05111e+06 0.00318692
1.07967e+06 0.00310589
1.109e+06 0.00302688
1.13913e+06 0.00294983
1.17007e+06 0.00287472
1.20186e+06 0.00280148
1.23451e+06 0.00273007
1.26805e+06 0.00266046
1.3025e+06 0.00259258
1.33788e+06 0.00252641
1.37423e+06 0.0024619
1.41156e+06 0.002399
1.44991e+06 0.00233769
1.4893e+06 0.00227792
1.52975e+06 0.00221965
1.57131e+06 0.00216285
1.614e+06 0.00210747
1.65785e+06 0.0020535
1.70288e+06 0.00200088
1.74914e+06 0.00194959
1.79666e+06 0.0018996
1.84547e+06 0.00185087
1.89561e+06 0.00180337
1.9471e+06 0.00175707
2e+06 0.00171195
