# E[eV]  sigma[barn]
0.001 1458.73
0.00102421 1441.39
0.00104901 1424.25
0.0010744 1407.32
0.00110042 1390.59
0.00112706 1374.06
0.00115435 1357.73
0.00118229 1341.59
0.00121092 1325.64
0.00124023 1309.89
0.00127026 1294.32
0.00130101 1278.93
0.00133251 1263.73
0.00136477 1248.71
0.00139782 1233.87
0.00143166 1219.21
0.00146632 1204.72
0.00150182 1190.4
0.00153818 1176.25
0.00157542 1162.27
0.00161356 1148.46
0.00165263 1134.82
0.00169264 1121.33
0.00173362 1108.01
0.00177559 1094.84
0.00181858 1081.83
0.00186261 1068.98
0.0019077 1056.28
0.00195389 1043.73
0.00200119 1031.34
0.00204964 1019.08
0.00209927 1006.98
0.00215009 995.021
0.00220215 983.204
0.00225546 971.528
0.00231007 959.991
0.002366 948.593
0.00242328 937.331
0.00248195 926.203
0.00254204 915.209
0.00260358 904.346
0.00266661 893.613
0.00273117 883.009
0.0027973 872.531
0.00286502 862.18
0.00293439 851.952
0.00300543 841.847
0.00307819 831.864
0.00315272 822
0.00322905 812.255
0.00330722 802.627
0.00338729 793.115
0.0034693 783.717
0.0035533 774.433
0.00363932 765.261
0.00372743 756.199
0.00381768 747.247
0.00391011 738.403
0.00400477 729.666
0.00410173 721.035
0.00420104 712.509
0.00430275 704.086
0.00440692 695.766
0.00451361 687.547
0.00462289 679.428
0.00473481 671.409
0.00484945 663.487
0.00496685 655.663
0.0050871 647.934
0.00521027 640.301
0.00533641 632.761
0.00546561 625.315
0.00559793 617.961
0.00573346 610.698
0.00587227 603.526
0.00601444 596.443
0.00616006 589.448
0.0063092 582.541
0.00646195 575.721
0.00661839 568.987
0.00677863 562.338
0.00694274 555.774
0.00711083 549.294
0.00728299 542.897
0.00745932 536.581
0.00763991 530.348
0.00782488 524.196
0.00801432 518.124
0.00820835 512.131
0.00840708 506.218
0.00861062 500.383
0.00881909 494.627
0.00903261 488.948
0.00925129 483.346
0.00947527 477.82
0.00970468 472.37
0.00993963 466.997
0.0101803 461.698
0.0104267 456.475
0.0106792 451.326
0.0109377 446.251
0.0112025 441.251
0.0114738 436.324
0.0117516 431.471
0.0120361 426.692
0.0123275 421.986
0.0126259 417.353
0.0129316 412.793
0.0132447 408.307
0.0135653 403.894
0.0138938 399.554
0.0142301 395.288
0.0145747 391.095
0.0149275 386.976
0.0152889 382.932
0.0156591 378.962
0.0160382 375.066
0.0164265 371.246
0.0168242 367.502
0.0172315 363.834
0.0176487 360.243
0.018076 356.73
0.0185136 353.295
0.0189619 349.939
0.0194209 346.664
0.0198911 343.47
0.0203727 340.358
0.0208659 337.329
0.0213711 334.385
0.0218885 331.527
0.0224185 328.756
0.0229612 326.075
0.0235171 323.484
0.0240865 320.986
0.0246696 318.582
0.0252669 316.274
0.0258786 314.065
0.0265052 311.957
0.0271469 309.953
0.0278041 308.054
0.0284773 306.264
0.0291667 304.586
0.0298729 303.023
0.0305961 301.578
0.0313369 300.255
0.0320955 299.057
0.0328726 297.988
0.0336685 297.054
0.0344836 296.257
0.0353185 295.603
0.0361735 295.096
0.0370493 294.743
0.0379463 294.548
0.038865 294.517
0.039806 294.657
0.0407697 294.974
0.0417568 295.475
0.0427677 296.167
0.0438031 297.059
0.0448636 298.157
0.0459498 299.472
0.0470623 301.011
0.0482017 302.786
0.0493687 304.805
0.0505639 307.079
0.0517881 309.621
0.053042 312.442
0.0543261 315.554
0.0556414 318.972
0.0569885 322.709
0.0583682 326.78
0.0597814 331.202
0.0612287 335.99
0.0627111 341.164
0.0642294 346.74
0.0657844 352.741
0.0673771 359.185
0.0690083 366.096
0.0706791 373.498
0.0723902 381.414
0.0741429 389.872
0.0759379 398.899
0.0777764 408.524
0.0796594 418.78
0.081588 429.7
0.0835633 441.318
0.0855864 453.672
0.0876585 466.801
0.0897808 480.748
0.0919545 495.556
0.0941807 511.275
0.0964609 527.952
0.0987963 545.642
0.101188 564.402
0.103638 584.292
0.106147 605.375
0.108717 627.72
0.111349 651.398
0.114045 676.488
0.116806 703.072
0.119634 731.235
0.12253 761.073
0.125497 792.683
0.128535 826.172
0.131647 861.652
0.134835 899.244
0.138099 939.077
0.141442 981.287
0.144867 1026.02
0.148374 1073.44
0.151966 1123.7
0.155646 1177
0.159414 1233.52
0.163273 1293.46
0.167226 1357.05
0.171275 1424.53
0.175422 1496.15
0.179669 1572.17
0.184019 1652.91
0.188474 1738.67
0.193037 1829.78
0.19771 1926.62
0.202497 2029.58
0.2074 2139.08
0.212421 2255.58
0.217564 2379.57
0.222831 2511.59
0.228226 2652.21
0.233752 2802.05
0.239411 2961.79
0.245207 3132.17
0.251144 3313.96
0.257224 3508.04
0.263452 3715.33
0.26983 3936.86
0.276363 4173.74
0.283054 4427.16
0.289907 4698.45
0.296925 4989.04
0.304114 5300.5
0.311477 5634.56
0.319018 5993.09
0.326742 6378.18
0.334652 6792.09
0.342754 7237.33
0.351053 7716.66
0.359552 8233.12
0.368257 8790.09
0.377172 9391.29
0.386304 10040.9
0.395657 10743.4
0.405236 11504.1
0.415047 12328.6
0.425095 13223.4
0.435387 14195.7
0.445928 15253.4
0.456724 16405.9
0.467782 17663.3
0.479107 19037.5
0.490707 20541.6
0.502587 22190.9
0.514755 24002.7
0.527217 25997.2
0.539982 28197.3
0.553055 30629.9
0.566445 33325.9
0.580159 36321.8
0.594205 39660.2
0.608591 43391.4
0.623325 47575
0.638416 52282.1
0.653873 57597.7
0.669703 63623.9
0.685917 70484.6
0.702524 78329.9
0.719532 87343.1
0.736953 97748.5
0.754795 109821
0.773069 123899
0.791785 140396
0.810955 159812
0.830589 182747
0.850698 209890
0.871294 241995
0.892388 279780
0.913994 323725
0.936122 373679
0.958786 428218
0.981999 483810
1.00577 534177
1.03012 570738
1.05506 585035
1.08061 572618
1.10677 535679
1.13357 481979
1.16101 420997
1.18912 360463
1.21791 305048
1.24739 256748
1.27759 215843
1.30853 181742
1.34021 153522
1.37265 130216
1.40589 110947
1.43992 94966
1.47478 81656.3
1.51049 70518.1
1.54706 61150.4
1.58452 53232.1
1.62288 46506
1.66217 40765.6
1.70241 35844.5
1.74363 31608
1.78584 27946.4
1.82908 24769.8
1.87336 22004.7
1.91872 19589.8
1.96517 17474.5
2.01275 15616.5
2.06148 13980.2
2.11139 12535.6
2.1625 11257.5
2.21486 10124.1
2.26848 9117.14
2.3234 8220.82
2.37966 7421.58
2.43727 6707.75
2.49628 6069.19
2.55671 5497.14
2.61861 4983.96
2.68201 4522.98
2.74694 4108.39
2.81345 3735.06
2.88156 3398.53
2.95133 3094.83
3.02278 2820.49
3.09597 2572.42
3.17092 2347.89
3.24769 2144.5
3.32632 1960.09
3.40685 1792.75
3.48933 1640.79
3.57381 1502.68
3.66034 1377.07
3.74896 1262.74
3.83972 1158.62
3.93268 1063.72
4.02789 977.179
4.12541 898.206
4.22529 826.098
4.32759 760.219
4.43236 699.996
4.53967 644.914
4.64958 594.508
4.76215 548.355
4.87744 506.076
4.99553 467.327
5.11647 431.795
5.24035 399.199
5.36722 369.282
5.49716 341.811
5.63025 316.577
5.76657 293.387
5.90618 272.067
6.04917 252.458
6.19562 234.416
6.34562 217.81
6.49926 202.519
6.65661 188.435
6.81777 175.458
6.98283 163.496
7.15189 152.468
7.32504 142.297
7.50238 132.914
7.68402 124.256
7.87006 116.264
8.06059 108.886
8.25575 102.073
8.45562 95.7811
8.66034 89.9694
8.87001 84.6007
9.08476 79.6409
9.30471 75.0589
9.52998 70.8261
9.76071 66.9162
9.99702 63.3055
10.2391 59.9718
10.4869 56.8953
10.7408 54.0576
11.0009 51.442
11.2672 49.0332
11.54 46.8175
11.8194 44.7823
12.1056 42.9163
12.3986 41.2094
12.6988 39.6524
13.0063 38.2374
13.3212 36.9574
13.6437 35.8065
13.974 34.7798
14.3123 33.8733
14.6588 33.0844
15.0137 32.4113
15.3772 31.8539
15.7495 31.4131
16.1308 31.0918
16.5213 30.8946
16.9213 30.8286
17.331 30.9035
17.7506 31.1329
18.1804 31.5347
18.6205 32.1328
19.0713 32.9591
19.5331 34.0564
20.006 35.4824
20.4903 37.3161
20.9864 39.6676
21.4945 42.6938
22.0149 46.6237
22.5479 51.8026
23.0938 58.771
23.6529 68.4148
24.2256 82.2713
24.8121 103.209
25.4128 137.114
26.028 197.736
26.6582 323.918
27.3036 664.994
27.9646 2281.6
28.6417 40545.1
29.3351 2588.45
30.0453 618.347
30.7728 266.162
31.5178 147.843
32.2808 95.346
33.0624 68.2226
33.8628 52.9541
34.6827 44.0652
35.5224 39.081
36.3824 36.8683
37.2632 37.0461
38.1654 39.8513
39.0894 46.3782
40.0358 59.5565
41.0051 87.6745
41.9978 160.725
43.0146 462.324
44.056 7359.77
45.1227 1189.39
46.2151 220.434
47.334 92.3735
48.48 53.8147
49.6537 38.2624
50.8559 31.5452
52.0871 29.5039
53.3482 31.1516
54.6398 37.6018
55.9626 54.1551
57.3175 104.829
58.7052 419.438
60.1265 7256.92
61.5822 224.535
63.0732 102.734
64.6002 147.836
66.1642 1415.33
67.7661 503.824
69.4068 97.3196
71.0871 70.9343
72.8082 152.971
74.5709 11223.9
76.3763 167.465
78.2255 45.226
80.1193 24.6328
82.0591 18.9441
84.0458 19.295
86.0806 27.6648
88.1646 73.9222
90.2992 3713.05
92.4854 107.537
94.7245 28.3187
97.0178 17.5127
99.3667 17.8135
101.772 31.6142
104.236 219.368
106.76 197.163
109.345 28.684
111.992 17.94
114.703 23.9323
117.48 109.051
120.325 226.962
123.238 42.4695
126.222 386.831
129.277 71.477
132.407 63.1499
135.613 598.162
138.896 221.797
142.259 31.0236
145.703 86.9582
149.231 111.327
152.844 322.886
156.544 17.2416
160.334 8.579
164.216 7.76753
168.192 13.2867
172.264 303.89
176.434 29.396
180.706 1056.91
185.081 19.2645
189.562 20.0066
194.151 1860.8
198.852 133.676
203.666 24.1741
208.597 32.245
213.647 30.0907
218.82 10.1496
224.118 173.057
229.544 53.7147
235.101 19.9974
240.793 305.392
246.623 8.89831
252.594 128.395
258.709 12.7664
264.973 121.553
271.388 22.5276
277.958 42.5224
284.688 238.803
291.58 6.70347
298.64 122.236
305.87 2936.8
313.275 14.9482
320.86 11.7366
328.628 38.7047
336.584 25.4056
344.733 29.4775
353.079 36.0548
361.628 328.87
370.383 24.7733
379.35 4.48918
388.534 88.9388
397.941 1086.67
407.575 30.3585
417.443 73.3272
427.55 15.4739
437.901 19.5686
448.503 6.57289
459.361 17.7599
470.483 15.0242
481.873 38.2813
493.54 5.33247
505.489 33.5125
517.727 35.5635
530.261 4.09211
543.099 193.355
556.248 151.267
569.715 13.2527
583.508 24.6963
597.636 193.545
612.105 85.8243
626.924 51.1544
642.102 8.43858
657.648 6.18677
673.57 30.623
689.878 15.0611
706.58 116.409
723.687 212.293
741.208 13.4338
759.153 7.04963
777.532 561.737
796.357 1.96985
815.637 4.71714
835.384 53.3439
855.609 1286.98
876.324 82.4612
897.54 1.04791
919.271 0.902363
941.527 0.882398
964.322 0.886114
987.668 0.898493
1011.58 0.915193
1036.07 0.934509
1061.16 0.955636
1086.85 0.978147
1113.16 1.00179
1140.11 1.02642
1167.71 1.05194
1195.98 1.07828
1224.94 1.10538
1254.6 1.13323
1284.97 1.16179
1316.08 1.19105
1347.94 1.22098
1380.58 1.25159
1414 1.28284
1448.24 1.31474
1483.3 1.34727
1519.21 1.38042
1555.99 1.41417
1593.66 1.44852
1632.25 1.48346
1671.76 1.51895
1712.24 1.55499
1753.69 1.59157
1796.15 1.62864
1839.64 1.6662
1884.18 1.70422
1929.79 1.74267
1976.51 1.78152
2024.37 1.82073
2073.38 1.86027
2123.58 1.9001
2174.99 1.94018
2227.65 1.98047
2281.58 2.02091
2336.82 2.06146
2393.39 2.10206
2451.34 2.14265
2510.69 2.18318
2571.47 2.22358
2633.73 2.26378
2697.5 2.30372
2762.8 2.34333
2829.69 2.38254
2898.2 2.42125
2968.37 2.45941
3040.23 2.49693
3113.84 2.53373
3189.23 2.56972
3266.44 2.60483
3345.52 2.63897
3426.52 2.67206
3509.48 2.70401
3594.45 2.73475
3681.47 2.76419
3770.6 2.79226
3861.89 2.81888
3955.39 2.84398
4051.15 2.86748
4149.23 2.88933
4249.69 2.90946
4352.57 2.92781
4457.95 2.94434
4565.88 2.95899
4676.42 2.97173
4789.64 2.98252
4905.6 2.99133
5024.37 2.99815
5146.02 3.00296
5270.6 3.00575
5398.21 3.00652
5528.9 3.00527
5662.76 3.00202
5799.86 2.99679
5940.28 2.9896
6084.09 2.98049
6231.39 2.96948
6382.26 2.95663
6536.78 2.94199
6695.04 2.9256
6857.13 2.90752
7023.14 2.88782
7193.18 2.86656
7367.33 2.8438
7545.7 2.81963
7728.38 2.7941
7915.49 2.7673
8107.13 2.7393
8303.41 2.71018
8504.44 2.68001
8710.34 2.64888
8921.22 2.61685
9137.21 2.58401
9358.43 2.55043
9585 2.51617
9817.06 2.48133
10054.7 2.44596
10298.2 2.41013
10547.5 2.37392
10802.9 2.33738
11064.4 2.30057
11332.3 2.26356
11606.6 2.2264
11887.6 2.18914
12175.4 2.15184
12470.2 2.11455
12772.1 2.07731
13081.4 2.04016
13398.1 2.00314
13722.4 1.96629
14054.7 1.92966
14394.9 1.89326
14743.4 1.85713
15100.4 1.8213
15466 1.78579
15840.4 1.75063
16223.9 1.71584
16616.7 1.68143
17019 1.64743
17431.1 1.61385
17853.1 1.58071
18285.3 1.54801
18728 1.51578
19181.4 1.48401
19645.8 1.45271
20121.5 1.4219
20608.6 1.39157
21107.6 1.36174
21618.6 1.3324
22142 1.30355
22678.1 1.27521
23227.1 1.24736
23789.5 1.22002
24365.4 1.19317
24955.3 1.16681
25559.5 1.14095
26178.3 1.11558
26812.1 1.0907
27461.2 1.0663
28126.1 1.04238
28807.1 1.01894
29504.5 0.995962
30218.8 0.973452
30950.4 0.9514
31699.8 0.929802
32467.2 0.908652
33253.3 0.887942
34058.4 0.867667
34882.9 0.847821
35727.5 0.828397
36592.5 0.809388
37478.4 0.790787
38385.8 0.772588
39315.1 0.754784
40266.9 0.737368
41241.8 0.720334
42240.3 0.703673
43263 0.687381
44310.4 0.671449
45383.2 0.655871
46481.9 0.64064
47607.3 0.62575
48759.9 0.611194
49940.4 0.596965
51149.5 0.583056
52387.9 0.569462
53656.2 0.556176
54955.3 0.543191
56285.8 0.530502
57648.5 0.518102
59044.2 0.505985
60473.7 0.494145
61937.8 0.482576
63437.3 0.471273
64973.2 0.460229
66546.2 0.44944
68157.3 0.438899
69807.5 0.428602
71497.6 0.418542
73228.6 0.408715
75001.5 0.399116
76817.3 0.389739
78677.1 0.38058
80581.9 0.371633
82532.9 0.362895
84531 0.354359
86577.6 0.346023
88673.7 0.33788
90820.5 0.329928
93019.3 0.322161
95271.4 0.314575
97578 0.307167
99940.4 0.299932
102360 0.292866
104838 0.285965
107376 0.279226
109976 0.272645
112639 0.266218
115366 0.259941
118159 0.253812
121019 0.247827
123949 0.241982
126950 0.236274
130024 0.230701
133172 0.225258
136396 0.219944
139698 0.214754
143080 0.209686
146544 0.204738
150092 0.199905
153726 0.195187
157448 0.19058
161260 0.186081
165164 0.181688
169163 0.177398
173258 0.17321
177453 0.16912
181749 0.165127
186150 0.161228
190656 0.15742
195272 0.153703
200000 0.150073
